Training results for edge cut count
2	2	0.764073584964	0.023985691163
3	2	0.764073584964	0.0239998102396
4	2	0.764073584964	0.0240139134441
5	2	0.764073584964	0.0240280008053
6	2	0.764073584964	0.0240420723516
7	2	0.764073584964	0.0240561281117
8	2	0.764073584964	0.024070168114
9	2	0.764073584964	0.0240841923868
10	2	0.764073584964	0.0240982009585
11	2	0.764104296551	0.0242346648524
21	2	0.764135008139	0.0244946895681
31	2	0.764165719726	0.0247516850387
41	2	0.764227142901	0.0251259672277
51	2	0.764288566076	0.0254958936496
61	2	0.764411412426	0.0260993046062
71	2	0.764503547188	0.02657758001
81	2	0.764564970363	0.026932837588
91	2	0.764657105126	0.0274009311122
101	3	0.764687816713	0.0276444919708
201	4	0.765240625288	0.0307018315494
301	6	0.765609164338	0.0328536699556
401	7	0.766100549737	0.0351798200995
501	7	0.766622646725	0.0373454778128
601	8	0.766991185774	0.0389000341198
701	8	0.767636129112	0.0410843944102
801	12	0.772826387396	0.0542383345896
901	12	0.773532753908	0.0554896224939
1001	13	0.774146985658	0.0564312869289
2001	23	0.779890052517	0.060891818776
3001	25	0.786063081601	0.0661640240519
4001	28	0.791714013697	0.0695017772097
5001	27	0.797457080556	0.0714756511618
6001	28	0.803353705353	0.0735506519395
7001	30	0.80925033015	0.0753961851885
8001	28	0.815423359233	0.0770476411767
9001	29	0.822087773717	0.0787290311554
10001	29	0.828168668038	0.0798162651706
20001	20	0.900433033383	0.0897515417586

Training results with threshold 4.5
2561	25	0.783329750315	0.0640475698724

Test results with threshold 4.5
4	2	0.768994533505	0.0262134280446
